Date,Open,High,Low,Close,Adj Close,Volume
2019-11-01,1788.010010,1797.449951,1785.209961,1791.439941,1791.439941,2790400
2019-11-04,1801.010010,1815.060059,1801.010010,1804.660034,1804.660034,2771900
2019-11-05,1809.160034,1810.250000,1794.000000,1801.709961,1801.709961,1885500
2019-11-06,1801.000000,1802.500000,1788.579956,1795.770020,1795.770020,2029800
2019-11-07,1803.760010,1805.900024,1783.479980,1788.199951,1788.199951,2651100
2019-11-08,1787.890015,1789.880005,1774.040039,1785.880005,1785.880005,2123300
2019-11-11,1778.000000,1780.000000,1767.130005,1771.650024,1771.650024,1946000
2019-11-12,1774.660034,1786.219971,1771.910034,1778.000000,1778.000000,2037600
2019-11-13,1773.390015,1775.000000,1747.319946,1753.109985,1753.109985,2989500
2019-11-14,1751.430054,1766.589966,1749.560059,1754.599976,1754.599976,2264800
2019-11-15,1760.050049,1761.680054,1732.859985,1739.489990,1739.489990,3927600
2019-11-18,1738.300049,1753.699951,1722.709961,1752.530029,1752.530029,2839500
2019-11-19,1756.989990,1760.680054,1743.030029,1752.790039,1752.790039,2270800
2019-11-20,1749.140015,1762.520020,1734.119995,1745.530029,1745.530029,2790000
2019-11-21,1743.000000,1746.869995,1730.359985,1734.709961,1734.709961,2658400
Date,Open,High,Low,Close,Adj Close,Volume
2019-11-01,144.259995,144.419998,142.970001,143.720001,143.232620,33128400
2019-11-04,144.830002,145.000000,144.160004,144.550003,144.059799,16912000
2019-11-05,144.970001,145.020004,143.910004,144.460007,143.970108,18250200
2019-11-06,144.369995,144.520004,143.199997,144.059998,143.571457,16575800
2019-11-07,143.839996,144.880005,143.770004,144.259995,143.770782,17786700
2019-11-08,143.979996,145.990005,143.759995,145.960007,145.465027,16732700
2019-11-11,145.339996,146.419998,144.729996,146.110001,145.614517,14362600
2019-11-12,146.279999,147.570007,146.059998,147.070007,146.571259,18641600
2019-11-13,146.740005,147.460007,146.279999,147.309998,146.810440,16919200
2019-11-14,147.020004,148.410004,147.000000,148.059998,147.557892,19729800
2019-11-15,148.929993,149.990005,148.270004,149.970001,149.461426,23485700
2019-11-18,150.070007,150.550003,148.979996,150.339996,149.830170,21534000
2019-11-19,150.880005,151.330002,150.199997,150.389999,149.879990,23935700
2019-11-20,150.309998,150.839996,148.460007,149.619995,149.619995,25696800
2019-11-21,149.399994,149.800003,148.500000,149.479996,149.479996,18568900
Date,Open,High,Low,Close,Adj Close,Volume
2019-11-01,29.959999,30.260000,29.410000,29.620001,29.620001,22716700
2019-11-04,29.770000,30.150000,29.610001,30.049999,30.049999,20340200
2019-11-05,30.190001,30.360001,29.709999,29.809999,29.809999,16645900
2019-11-06,29.850000,29.900000,29.400000,29.540001,29.540001,15313800
2019-11-07,29.000000,29.590000,28.629999,29.049999,29.049999,22740600
2019-11-08,29.160000,29.430000,29.049999,29.209999,29.209999,10619500
2019-11-11,29.129999,29.350000,28.920000,29.340000,29.340000,9675000
2019-11-12,29.360001,29.500000,28.930000,29.049999,29.049999,15144200
2019-11-13,29.040001,29.299999,28.930000,29.080000,29.080000,9217700
2019-11-14,29.160000,29.370001,28.730000,28.889999,28.889999,13684600
2019-11-15,29.049999,29.430000,28.910000,29.250000,29.250000,12163300
2019-11-18,29.240000,29.740000,29.010000,29.490000,29.490000,14493100
2019-11-19,29.620001,29.670000,29.180000,29.440001,29.440001,9950900
2019-11-20,29.299999,29.480000,28.879999,29.170000,29.170000,14280400
2019-11-21,29.200001,30.490000,29.150000,29.790001,29.790001,24270900
Date,Open,High,Low,Close,Adj Close,Volume
2020-04-01,1932.969971,1944.959961,1893.000000,1907.699951,1907.699951,4121900
2020-04-02,1901.640015,1927.530029,1890.000000,1918.829956,1918.829956,4336000
2020-04-03,1911.150024,1926.329956,1889.150024,1906.589966,1906.589966,3609900
2020-04-06,1936.000000,1998.520020,1930.020020,1997.589966,1997.589966,5773200
2020-04-07,2017.109985,2035.719971,1997.619995,2011.599976,2011.599976,5114000
2020-04-08,2021.000000,2044.000000,2011.150024,2043.000000,2043.000000,3977300
2020-04-09,2044.300049,2053.000000,2017.660034,2042.760010,2042.760010,4655600
2020-04-13,2040.000000,2180.000000,2038.000000,2168.870117,2168.870117,6716700
2020-04-14,2200.469971,2292.000000,2186.209961,2283.320068,2283.320068,8087200
2020-04-15,2257.679932,2333.370117,2245.000000,2307.679932,2307.679932,6866600
2020-04-16,2346.000000,2461.000000,2335.000000,2408.189941,2408.189941,12038200
2020-04-17,2372.330078,2400.000000,2316.020020,2375.000000,2375.000000,7930000
2020-04-20,2389.949951,2444.979980,2386.050049,2393.610107,2393.610107,5752600Date,Open,High,Low,Close,Adj Close,Volume
2020-04-01,153.000000,157.750000,150.820007,152.110001,152.110001,57969900
2020-04-02,151.860001,155.479996,150.360001,155.259995,155.259995,49630700
2020-04-03,155.100006,157.380005,152.190002,153.830002,153.830002,41243300
2020-04-06,160.320007,166.500000,157.580002,165.270004,165.270004,67111700
2020-04-07,169.589996,170.000000,163.259995,163.490005,163.490005,62769000
2020-04-08,165.669998,166.669998,163.500000,165.130005,165.130005,48318200
2020-04-09,166.360001,167.369995,163.330002,165.139999,165.139999,51431800
2020-04-13,164.350006,165.570007,162.300003,165.509995,165.509995,41905300
2020-04-14,169.000000,173.750000,168.000000,173.699997,173.699997,52874300
2020-04-15,171.199997,173.570007,169.240005,171.880005,171.880005,40940800
2020-04-16,174.300003,177.279999,172.899994,177.039993,177.039993,50479600
2020-04-17,179.500000,180.000000,175.869995,178.600006,178.600006,52765600
2020-04-20,176.630005,178.750000,174.990005,175.059998,175.059998,36595200Date,Open,High,Low,Close,Adj Close,Volume
2020-04-01,23.700001,24.389999,23.049999,23.320000,23.320000,20027000
2020-04-02,23.000000,23.580000,22.360001,23.020000,23.020000,17114800
2020-04-03,24.100000,24.320000,22.750000,23.090000,23.090000,25029700
2020-04-06,24.100000,25.049999,23.790001,24.930000,24.930000,26014900
2020-04-07,25.969999,26.860001,25.309999,25.610001,25.610001,25831100
2020-04-08,26.790001,28.459999,25.920000,27.860001,27.860001,31240800
2020-04-09,28.480000,29.049999,27.280001,27.770000,27.770000,22233200
2020-04-13,27.549999,27.620001,26.240000,27.209999,27.209999,15059900
2020-04-14,28.000000,28.410000,27.600000,27.940001,27.940001,13766200
2020-04-15,27.100000,27.639999,26.750000,27.510000,27.510000,15822200
2020-04-16,26.860001,27.170000,25.959999,26.549999,26.549999,21946600
2020-04-17,27.160000,27.920000,26.469999,26.700001,26.700001,21129500
2020-04-20,26.309999,27.530001,26.110001,27.010000,27.010000,16738200Date,Open,High,Low,Close,Adj Close,Volume
2020-04-01,1932.969971,1944.959961,1893.000000,1907.699951,1907.699951,4121900
2020-04-02,1901.640015,1927.530029,1890.000000,1918.829956,1918.829956,4336000
2020-04-03,1911.150024,1926.329956,1889.150024,1906.589966,1906.589966,3609900
2020-04-06,1936.000000,1998.520020,1930.020020,1997.589966,1997.589966,5773200
2020-04-07,2017.109985,2035.719971,1997.619995,2011.599976,2011.599976,5114000
2020-04-08,2021.000000,2044.000000,2011.150024,2043.000000,2043.000000,3977300
2020-04-09,2044.300049,2053.000000,2017.660034,2042.760010,2042.760010,4655600
2020-04-13,2040.000000,2180.000000,2038.000000,2168.870117,2168.870117,6716700
2020-04-14,2200.469971,2292.000000,2186.209961,2283.320068,2283.320068,8087200
2020-04-15,2257.679932,2333.370117,2245.000000,2307.679932,2307.679932,6866600
2020-04-16,2346.000000,2461.000000,2335.000000,2408.189941,2408.189941,12038200
2020-04-17,2372.330078,2400.000000,2316.020020,2375.000000,2375.000000,7930000
2020-04-20,2389.949951,2444.979980,2386.050049,2393.610107,2393.610107,5770700Date,Open,High,Low,Close,Adj Close,Volume
2020-04-01,1932.969971,1944.959961,1893.000000,1907.699951,1907.699951,4121900
2020-04-02,1901.640015,1927.530029,1890.000000,1918.829956,1918.829956,4336000
2020-04-03,1911.150024,1926.329956,1889.150024,1906.589966,1906.589966,3609900
2020-04-06,1936.000000,1998.520020,1930.020020,1997.589966,1997.589966,5773200
2020-04-07,2017.109985,2035.719971,1997.619995,2011.599976,2011.599976,5114000
2020-04-08,2021.000000,2044.000000,2011.150024,2043.000000,2043.000000,3977300
2020-04-09,2044.300049,2053.000000,2017.660034,2042.760010,2042.760010,4655600
2020-04-13,2040.000000,2180.000000,2038.000000,2168.870117,2168.870117,6716700
2020-04-14,2200.469971,2292.000000,2186.209961,2283.320068,2283.320068,8087200
2020-04-15,2257.679932,2333.370117,2245.000000,2307.679932,2307.679932,6866600
2020-04-16,2346.000000,2461.000000,2335.000000,2408.189941,2408.189941,12038200
2020-04-17,2372.330078,2400.000000,2316.020020,2375.000000,2375.000000,7930000
2020-04-20,2389.949951,2444.979980,2386.050049,2393.610107,2393.610107,5770700Date,Open,High,Low,Close,Adj Close,Volume
2020-04-01,153.000000,157.750000,150.820007,152.110001,152.110001,57969900
2020-04-02,151.860001,155.479996,150.360001,155.259995,155.259995,49630700
2020-04-03,155.100006,157.380005,152.190002,153.830002,153.830002,41243300
2020-04-06,160.320007,166.500000,157.580002,165.270004,165.270004,67111700
2020-04-07,169.589996,170.000000,163.259995,163.490005,163.490005,62769000
2020-04-08,165.669998,166.669998,163.500000,165.130005,165.130005,48318200
2020-04-09,166.360001,167.369995,163.330002,165.139999,165.139999,51431800
2020-04-13,164.350006,165.570007,162.300003,165.509995,165.509995,41905300
2020-04-14,169.000000,173.750000,168.000000,173.699997,173.699997,52874300
2020-04-15,171.199997,173.570007,169.240005,171.880005,171.880005,40940800
2020-04-16,174.300003,177.279999,172.899994,177.039993,177.039993,50479600
2020-04-17,179.500000,180.000000,175.869995,178.600006,178.600006,52765600
2020-04-20,176.630005,178.750000,174.990005,175.059998,175.059998,36669600Date,Open,High,Low,Close,Adj Close,Volume
2020-04-01,23.700001,24.389999,23.049999,23.320000,23.320000,20027000
2020-04-02,23.000000,23.580000,22.360001,23.020000,23.020000,17114800
2020-04-03,24.100000,24.320000,22.750000,23.090000,23.090000,25029700
2020-04-06,24.100000,25.049999,23.790001,24.930000,24.930000,26014900
2020-04-07,25.969999,26.860001,25.309999,25.610001,25.610001,25831100
2020-04-08,26.790001,28.459999,25.920000,27.860001,27.860001,31240800
2020-04-09,28.480000,29.049999,27.280001,27.770000,27.770000,22233200
2020-04-13,27.549999,27.620001,26.240000,27.209999,27.209999,15059900
2020-04-14,28.000000,28.410000,27.600000,27.940001,27.940001,13766200
2020-04-15,27.100000,27.639999,26.750000,27.510000,27.510000,15822200
2020-04-16,26.860001,27.170000,25.959999,26.549999,26.549999,21946600
2020-04-17,27.160000,27.920000,26.469999,26.700001,26.700001,21129500
2020-04-20,26.309999,27.530001,26.110001,27.010000,27.010000,16755400Date,Open,High,Low,Close,Adj Close,Volume
2020-04-01,1932.969971,1944.959961,1893.000000,1907.699951,1907.699951,4121900
2020-04-02,1901.640015,1927.530029,1890.000000,1918.829956,1918.829956,4336000
2020-04-03,1911.150024,1926.329956,1889.150024,1906.589966,1906.589966,3609900
2020-04-06,1936.000000,1998.520020,1930.020020,1997.589966,1997.589966,5773200
2020-04-07,2017.109985,2035.719971,1997.619995,2011.599976,2011.599976,5114000
2020-04-08,2021.000000,2044.000000,2011.150024,2043.000000,2043.000000,3977300
2020-04-09,2044.300049,2053.000000,2017.660034,2042.760010,2042.760010,4655600
2020-04-13,2040.000000,2180.000000,2038.000000,2168.870117,2168.870117,6716700
2020-04-14,2200.469971,2292.000000,2186.209961,2283.320068,2283.320068,8087200
2020-04-15,2257.679932,2333.370117,2245.000000,2307.679932,2307.679932,6866600
2020-04-16,2346.000000,2461.000000,2335.000000,2408.189941,2408.189941,12038200
2020-04-17,2372.330078,2400.000000,2316.020020,2375.000000,2375.000000,7930000
2020-04-20,2389.949951,2444.979980,2386.050049,2393.610107,2393.610107,5770700Date,Open,High,Low,Close,Adj Close,Volume
2020-04-01,153.000000,157.750000,150.820007,152.110001,152.110001,57969900
2020-04-02,151.860001,155.479996,150.360001,155.259995,155.259995,49630700
2020-04-03,155.100006,157.380005,152.190002,153.830002,153.830002,41243300
2020-04-06,160.320007,166.500000,157.580002,165.270004,165.270004,67111700
2020-04-07,169.589996,170.000000,163.259995,163.490005,163.490005,62769000
2020-04-08,165.669998,166.669998,163.500000,165.130005,165.130005,48318200
2020-04-09,166.360001,167.369995,163.330002,165.139999,165.139999,51431800
2020-04-13,164.350006,165.570007,162.300003,165.509995,165.509995,41905300
2020-04-14,169.000000,173.750000,168.000000,173.699997,173.699997,52874300
2020-04-15,171.199997,173.570007,169.240005,171.880005,171.880005,40940800
2020-04-16,174.300003,177.279999,172.899994,177.039993,177.039993,50479600
2020-04-17,179.500000,180.000000,175.869995,178.600006,178.600006,52765600
2020-04-20,176.630005,178.750000,174.990005,175.059998,175.059998,36669600Date,Open,High,Low,Close,Adj Close,Volume
2020-04-01,23.700001,24.389999,23.049999,23.320000,23.320000,20027000
2020-04-02,23.000000,23.580000,22.360001,23.020000,23.020000,17114800
2020-04-03,24.100000,24.320000,22.750000,23.090000,23.090000,25029700
2020-04-06,24.100000,25.049999,23.790001,24.930000,24.930000,26014900
2020-04-07,25.969999,26.860001,25.309999,25.610001,25.610001,25831100
2020-04-08,26.790001,28.459999,25.920000,27.860001,27.860001,31240800
2020-04-09,28.480000,29.049999,27.280001,27.770000,27.770000,22233200
2020-04-13,27.549999,27.620001,26.240000,27.209999,27.209999,15059900
2020-04-14,28.000000,28.410000,27.600000,27.940001,27.940001,13766200
2020-04-15,27.100000,27.639999,26.750000,27.510000,27.510000,15822200
2020-04-16,26.860001,27.170000,25.959999,26.549999,26.549999,21946600
2020-04-17,27.160000,27.920000,26.469999,26.700001,26.700001,21129500
2020-04-20,26.309999,27.530001,26.110001,27.010000,27.010000,16755400Date,Open,High,Low,Close,Adj Close,Volume
2020-04-01,1932.969971,1944.959961,1893.000000,1907.699951,1907.699951,4121900
2020-04-02,1901.640015,1927.530029,1890.000000,1918.829956,1918.829956,4336000
2020-04-03,1911.150024,1926.329956,1889.150024,1906.589966,1906.589966,3609900
2020-04-06,1936.000000,1998.520020,1930.020020,1997.589966,1997.589966,5773200
2020-04-07,2017.109985,2035.719971,1997.619995,2011.599976,2011.599976,5114000
2020-04-08,2021.000000,2044.000000,2011.150024,2043.000000,2043.000000,3977300
2020-04-09,2044.300049,2053.000000,2017.660034,2042.760010,2042.760010,4655600
2020-04-13,2040.000000,2180.000000,2038.000000,2168.870117,2168.870117,6716700
2020-04-14,2200.469971,2292.000000,2186.209961,2283.320068,2283.320068,8087200
2020-04-15,2257.679932,2333.370117,2245.000000,2307.679932,2307.679932,6866600
2020-04-16,2346.000000,2461.000000,2335.000000,2408.189941,2408.189941,12038200
2020-04-17,2372.330078,2400.000000,2316.020020,2375.000000,2375.000000,7930000
2020-04-20,2389.949951,2444.979980,2386.050049,2393.610107,2393.610107,5770700Date,Open,High,Low,Close,Adj Close,Volume
2020-04-01,153.000000,157.750000,150.820007,152.110001,152.110001,57969900
2020-04-02,151.860001,155.479996,150.360001,155.259995,155.259995,49630700
2020-04-03,155.100006,157.380005,152.190002,153.830002,153.830002,41243300
2020-04-06,160.320007,166.500000,157.580002,165.270004,165.270004,67111700
2020-04-07,169.589996,170.000000,163.259995,163.490005,163.490005,62769000
2020-04-08,165.669998,166.669998,163.500000,165.130005,165.130005,48318200
2020-04-09,166.360001,167.369995,163.330002,165.139999,165.139999,51431800
2020-04-13,164.350006,165.570007,162.300003,165.509995,165.509995,41905300
2020-04-14,169.000000,173.750000,168.000000,173.699997,173.699997,52874300
2020-04-15,171.199997,173.570007,169.240005,171.880005,171.880005,40940800
2020-04-16,174.300003,177.279999,172.899994,177.039993,177.039993,50479600
2020-04-17,179.500000,180.000000,175.869995,178.600006,178.600006,52765600
2020-04-20,176.630005,178.750000,174.990005,175.059998,175.059998,36669600Date,Open,High,Low,Close,Adj Close,Volume
2020-04-01,23.700001,24.389999,23.049999,23.320000,23.320000,20027000
2020-04-02,23.000000,23.580000,22.360001,23.020000,23.020000,17114800
2020-04-03,24.100000,24.320000,22.750000,23.090000,23.090000,25029700
2020-04-06,24.100000,25.049999,23.790001,24.930000,24.930000,26014900
2020-04-07,25.969999,26.860001,25.309999,25.610001,25.610001,25831100
2020-04-08,26.790001,28.459999,25.920000,27.860001,27.860001,31240800
2020-04-09,28.480000,29.049999,27.280001,27.770000,27.770000,22233200
2020-04-13,27.549999,27.620001,26.240000,27.209999,27.209999,15059900
2020-04-14,28.000000,28.410000,27.600000,27.940001,27.940001,13766200
2020-04-15,27.100000,27.639999,26.750000,27.510000,27.510000,15822200
2020-04-16,26.860001,27.170000,25.959999,26.549999,26.549999,21946600
2020-04-17,27.160000,27.920000,26.469999,26.700001,26.700001,21129500
2020-04-20,26.309999,27.530001,26.110001,27.010000,27.010000,16755400Date,Open,High,Low,Close,Adj Close,Volume
2020-04-01,1932.969971,1944.959961,1893.000000,1907.699951,1907.699951,4121900
2020-04-02,1901.640015,1927.530029,1890.000000,1918.829956,1918.829956,4336000
2020-04-03,1911.150024,1926.329956,1889.150024,1906.589966,1906.589966,3609900
2020-04-06,1936.000000,1998.520020,1930.020020,1997.589966,1997.589966,5773200
2020-04-07,2017.109985,2035.719971,1997.619995,2011.599976,2011.599976,5114000
2020-04-08,2021.000000,2044.000000,2011.150024,2043.000000,2043.000000,3977300
2020-04-09,2044.300049,2053.000000,2017.660034,2042.760010,2042.760010,4655600
2020-04-13,2040.000000,2180.000000,2038.000000,2168.870117,2168.870117,6716700
2020-04-14,2200.469971,2292.000000,2186.209961,2283.320068,2283.320068,8087200
2020-04-15,2257.679932,2333.370117,2245.000000,2307.679932,2307.679932,6866600
2020-04-16,2346.000000,2461.000000,2335.000000,2408.189941,2408.189941,12038200
2020-04-17,2372.330078,2400.000000,2316.020020,2375.000000,2375.000000,7930000
2020-04-20,2389.949951,2444.979980,2386.050049,2393.610107,2393.610107,5770700Date,Open,High,Low,Close,Adj Close,Volume
2020-04-01,153.000000,157.750000,150.820007,152.110001,152.110001,57969900
2020-04-02,151.860001,155.479996,150.360001,155.259995,155.259995,49630700
2020-04-03,155.100006,157.380005,152.190002,153.830002,153.830002,41243300
2020-04-06,160.320007,166.500000,157.580002,165.270004,165.270004,67111700
2020-04-07,169.589996,170.000000,163.259995,163.490005,163.490005,62769000
2020-04-08,165.669998,166.669998,163.500000,165.130005,165.130005,48318200
2020-04-09,166.360001,167.369995,163.330002,165.139999,165.139999,51431800
2020-04-13,164.350006,165.570007,162.300003,165.509995,165.509995,41905300
2020-04-14,169.000000,173.750000,168.000000,173.699997,173.699997,52874300
2020-04-15,171.199997,173.570007,169.240005,171.880005,171.880005,40940800
2020-04-16,174.300003,177.279999,172.899994,177.039993,177.039993,50479600
2020-04-17,179.500000,180.000000,175.869995,178.600006,178.600006,52765600
2020-04-20,176.630005,178.750000,174.990005,175.059998,175.059998,36669600Date,Open,High,Low,Close,Adj Close,Volume
2020-04-01,23.700001,24.389999,23.049999,23.320000,23.320000,20027000
2020-04-02,23.000000,23.580000,22.360001,23.020000,23.020000,17114800
2020-04-03,24.100000,24.320000,22.750000,23.090000,23.090000,25029700
2020-04-06,24.100000,25.049999,23.790001,24.930000,24.930000,26014900
2020-04-07,25.969999,26.860001,25.309999,25.610001,25.610001,25831100
2020-04-08,26.790001,28.459999,25.920000,27.860001,27.860001,31240800
2020-04-09,28.480000,29.049999,27.280001,27.770000,27.770000,22233200
2020-04-13,27.549999,27.620001,26.240000,27.209999,27.209999,15059900
2020-04-14,28.000000,28.410000,27.600000,27.940001,27.940001,13766200
2020-04-15,27.100000,27.639999,26.750000,27.510000,27.510000,15822200
2020-04-16,26.860001,27.170000,25.959999,26.549999,26.549999,21946600
2020-04-17,27.160000,27.920000,26.469999,26.700001,26.700001,21129500
2020-04-20,26.309999,27.530001,26.110001,27.010000,27.010000,16755400Date,Open,High,Low,Close,Adj Close,Volume
2020-04-01,1932.969971,1944.959961,1893.000000,1907.699951,1907.699951,4121900
2020-04-02,1901.640015,1927.530029,1890.000000,1918.829956,1918.829956,4336000
2020-04-03,1911.150024,1926.329956,1889.150024,1906.589966,1906.589966,3609900
2020-04-06,1936.000000,1998.520020,1930.020020,1997.589966,1997.589966,5773200
2020-04-07,2017.109985,2035.719971,1997.619995,2011.599976,2011.599976,5114000
2020-04-08,2021.000000,2044.000000,2011.150024,2043.000000,2043.000000,3977300
2020-04-09,2044.300049,2053.000000,2017.660034,2042.760010,2042.760010,4655600
2020-04-13,2040.000000,2180.000000,2038.000000,2168.870117,2168.870117,6716700
2020-04-14,2200.469971,2292.000000,2186.209961,2283.320068,2283.320068,8087200
2020-04-15,2257.679932,2333.370117,2245.000000,2307.679932,2307.679932,6866600
2020-04-16,2346.000000,2461.000000,2335.000000,2408.189941,2408.189941,12038200
2020-04-17,2372.330078,2400.000000,2316.020020,2375.000000,2375.000000,7930000
2020-04-20,2389.949951,2444.979980,2386.050049,2393.610107,2393.610107,5770700Date,Open,High,Low,Close,Adj Close,Volume
2020-04-01,153.000000,157.750000,150.820007,152.110001,152.110001,57969900
2020-04-02,151.860001,155.479996,150.360001,155.259995,155.259995,49630700
2020-04-03,155.100006,157.380005,152.190002,153.830002,153.830002,41243300
2020-04-06,160.320007,166.500000,157.580002,165.270004,165.270004,67111700
2020-04-07,169.589996,170.000000,163.259995,163.490005,163.490005,62769000
2020-04-08,165.669998,166.669998,163.500000,165.130005,165.130005,48318200
2020-04-09,166.360001,167.369995,163.330002,165.139999,165.139999,51431800
2020-04-13,164.350006,165.570007,162.300003,165.509995,165.509995,41905300
2020-04-14,169.000000,173.750000,168.000000,173.699997,173.699997,52874300
2020-04-15,171.199997,173.570007,169.240005,171.880005,171.880005,40940800
2020-04-16,174.300003,177.279999,172.899994,177.039993,177.039993,50479600
2020-04-17,179.500000,180.000000,175.869995,178.600006,178.600006,52765600
2020-04-20,176.630005,178.750000,174.990005,175.059998,175.059998,36669600Date,Open,High,Low,Close,Adj Close,Volume
2020-04-01,23.700001,24.389999,23.049999,23.320000,23.320000,20027000
2020-04-02,23.000000,23.580000,22.360001,23.020000,23.020000,17114800
2020-04-03,24.100000,24.320000,22.750000,23.090000,23.090000,25029700
2020-04-06,24.100000,25.049999,23.790001,24.930000,24.930000,26014900
2020-04-07,25.969999,26.860001,25.309999,25.610001,25.610001,25831100
2020-04-08,26.790001,28.459999,25.920000,27.860001,27.860001,31240800
2020-04-09,28.480000,29.049999,27.280001,27.770000,27.770000,22233200
2020-04-13,27.549999,27.620001,26.240000,27.209999,27.209999,15059900
2020-04-14,28.000000,28.410000,27.600000,27.940001,27.940001,13766200
2020-04-15,27.100000,27.639999,26.750000,27.510000,27.510000,15822200
2020-04-16,26.860001,27.170000,25.959999,26.549999,26.549999,21946600
2020-04-17,27.160000,27.920000,26.469999,26.700001,26.700001,21129500
2020-04-20,26.309999,27.530001,26.110001,27.010000,27.010000,16755400Date,Open,High,Low,Close,Adj Close,Volume
2020-04-01,1932.969971,1944.959961,1893.000000,1907.699951,1907.699951,4121900
2020-04-02,1901.640015,1927.530029,1890.000000,1918.829956,1918.829956,4336000
2020-04-03,1911.150024,1926.329956,1889.150024,1906.589966,1906.589966,3609900
2020-04-06,1936.000000,1998.520020,1930.020020,1997.589966,1997.589966,5773200
2020-04-07,2017.109985,2035.719971,1997.619995,2011.599976,2011.599976,5114000
2020-04-08,2021.000000,2044.000000,2011.150024,2043.000000,2043.000000,3977300
2020-04-09,2044.300049,2053.000000,2017.660034,2042.760010,2042.760010,4655600
2020-04-13,2040.000000,2180.000000,2038.000000,2168.870117,2168.870117,6716700
2020-04-14,2200.469971,2292.000000,2186.209961,2283.320068,2283.320068,8087200
2020-04-15,2257.679932,2333.370117,2245.000000,2307.679932,2307.679932,6866600
2020-04-16,2346.000000,2461.000000,2335.000000,2408.189941,2408.189941,12038200
2020-04-17,2372.330078,2400.000000,2316.020020,2375.000000,2375.000000,7930000
2020-04-20,2389.949951,2444.979980,2386.050049,2393.610107,2393.610107,5770700Date,Open,High,Low,Close,Adj Close,Volume
2020-04-01,153.000000,157.750000,150.820007,152.110001,152.110001,57969900
2020-04-02,151.860001,155.479996,150.360001,155.259995,155.259995,49630700
2020-04-03,155.100006,157.380005,152.190002,153.830002,153.830002,41243300
2020-04-06,160.320007,166.500000,157.580002,165.270004,165.270004,67111700
2020-04-07,169.589996,170.000000,163.259995,163.490005,163.490005,62769000
2020-04-08,165.669998,166.669998,163.500000,165.130005,165.130005,48318200
2020-04-09,166.360001,167.369995,163.330002,165.139999,165.139999,51431800
2020-04-13,164.350006,165.570007,162.300003,165.509995,165.509995,41905300
2020-04-14,169.000000,173.750000,168.000000,173.699997,173.699997,52874300
2020-04-15,171.199997,173.570007,169.240005,171.880005,171.880005,40940800
2020-04-16,174.300003,177.279999,172.899994,177.039993,177.039993,50479600
2020-04-17,179.500000,180.000000,175.869995,178.600006,178.600006,52765600
2020-04-20,176.630005,178.750000,174.990005,175.059998,175.059998,36669600Date,Open,High,Low,Close,Adj Close,Volume
2020-04-01,23.700001,24.389999,23.049999,23.320000,23.320000,20027000
2020-04-02,23.000000,23.580000,22.360001,23.020000,23.020000,17114800
2020-04-03,24.100000,24.320000,22.750000,23.090000,23.090000,25029700
2020-04-06,24.100000,25.049999,23.790001,24.930000,24.930000,26014900
2020-04-07,25.969999,26.860001,25.309999,25.610001,25.610001,25831100
2020-04-08,26.790001,28.459999,25.920000,27.860001,27.860001,31240800
2020-04-09,28.480000,29.049999,27.280001,27.770000,27.770000,22233200
2020-04-13,27.549999,27.620001,26.240000,27.209999,27.209999,15059900
2020-04-14,28.000000,28.410000,27.600000,27.940001,27.940001,13766200
2020-04-15,27.100000,27.639999,26.750000,27.510000,27.510000,15822200
2020-04-16,26.860001,27.170000,25.959999,26.549999,26.549999,21946600
2020-04-17,27.160000,27.920000,26.469999,26.700001,26.700001,21129500
2020-04-20,26.309999,27.530001,26.110001,27.010000,27.010000,16755400Date,Open,High,Low,Close,Adj Close,Volume
2020-04-01,1932.969971,1944.959961,1893.000000,1907.699951,1907.699951,4121900
2020-04-02,1901.640015,1927.530029,1890.000000,1918.829956,1918.829956,4336000
2020-04-03,1911.150024,1926.329956,1889.150024,1906.589966,1906.589966,3609900
2020-04-06,1936.000000,1998.520020,1930.020020,1997.589966,1997.589966,5773200
2020-04-07,2017.109985,2035.719971,1997.619995,2011.599976,2011.599976,5114000
2020-04-08,2021.000000,2044.000000,2011.150024,2043.000000,2043.000000,3977300
2020-04-09,2044.300049,2053.000000,2017.660034,2042.760010,2042.760010,4655600
2020-04-13,2040.000000,2180.000000,2038.000000,2168.870117,2168.870117,6716700
2020-04-14,2200.469971,2292.000000,2186.209961,2283.320068,2283.320068,8087200
2020-04-15,2257.679932,2333.370117,2245.000000,2307.679932,2307.679932,6866600
2020-04-16,2346.000000,2461.000000,2335.000000,2408.189941,2408.189941,12038200
2020-04-17,2372.330078,2400.000000,2316.020020,2375.000000,2375.000000,7930000
2020-04-20,2389.949951,2444.979980,2386.050049,2393.610107,2393.610107,5770700Date,Open,High,Low,Close,Adj Close,Volume
2020-04-01,153.000000,157.750000,150.820007,152.110001,152.110001,57969900
2020-04-02,151.860001,155.479996,150.360001,155.259995,155.259995,49630700
2020-04-03,155.100006,157.380005,152.190002,153.830002,153.830002,41243300
2020-04-06,160.320007,166.500000,157.580002,165.270004,165.270004,67111700
2020-04-07,169.589996,170.000000,163.259995,163.490005,163.490005,62769000
2020-04-08,165.669998,166.669998,163.500000,165.130005,165.130005,48318200
2020-04-09,166.360001,167.369995,163.330002,165.139999,165.139999,51431800
2020-04-13,164.350006,165.570007,162.300003,165.509995,165.509995,41905300
2020-04-14,169.000000,173.750000,168.000000,173.699997,173.699997,52874300
2020-04-15,171.199997,173.570007,169.240005,171.880005,171.880005,40940800
2020-04-16,174.300003,177.279999,172.899994,177.039993,177.039993,50479600
2020-04-17,179.500000,180.000000,175.869995,178.600006,178.600006,52765600
2020-04-20,176.630005,178.750000,174.990005,175.059998,175.059998,36669600Date,Open,High,Low,Close,Adj Close,Volume
2020-04-01,23.700001,24.389999,23.049999,23.320000,23.320000,20027000
2020-04-02,23.000000,23.580000,22.360001,23.020000,23.020000,17114800
2020-04-03,24.100000,24.320000,22.750000,23.090000,23.090000,25029700
2020-04-06,24.100000,25.049999,23.790001,24.930000,24.930000,26014900
2020-04-07,25.969999,26.860001,25.309999,25.610001,25.610001,25831100
2020-04-08,26.790001,28.459999,25.920000,27.860001,27.860001,31240800
2020-04-09,28.480000,29.049999,27.280001,27.770000,27.770000,22233200
2020-04-13,27.549999,27.620001,26.240000,27.209999,27.209999,15059900
2020-04-14,28.000000,28.410000,27.600000,27.940001,27.940001,13766200
2020-04-15,27.100000,27.639999,26.750000,27.510000,27.510000,15822200
2020-04-16,26.860001,27.170000,25.959999,26.549999,26.549999,21946600
2020-04-17,27.160000,27.920000,26.469999,26.700001,26.700001,21129500
2020-04-20,26.309999,27.530001,26.110001,27.010000,27.010000,16755400Date,Open,High,Low,Close,Adj Close,Volume
2020-04-01,1932.969971,1944.959961,1893.000000,1907.699951,1907.699951,4121900
2020-04-02,1901.640015,1927.530029,1890.000000,1918.829956,1918.829956,4336000
2020-04-03,1911.150024,1926.329956,1889.150024,1906.589966,1906.589966,3609900
2020-04-06,1936.000000,1998.520020,1930.020020,1997.589966,1997.589966,5773200
2020-04-07,2017.109985,2035.719971,1997.619995,2011.599976,2011.599976,5114000
2020-04-08,2021.000000,2044.000000,2011.150024,2043.000000,2043.000000,3977300
2020-04-09,2044.300049,2053.000000,2017.660034,2042.760010,2042.760010,4655600
2020-04-13,2040.000000,2180.000000,2038.000000,2168.870117,2168.870117,6716700
2020-04-14,2200.469971,2292.000000,2186.209961,2283.320068,2283.320068,8087200
2020-04-15,2257.679932,2333.370117,2245.000000,2307.679932,2307.679932,6866600
2020-04-16,2346.000000,2461.000000,2335.000000,2408.189941,2408.189941,12038200
2020-04-17,2372.330078,2400.000000,2316.020020,2375.000000,2375.000000,7930000
2020-04-20,2389.949951,2444.979980,2386.050049,2393.610107,2393.610107,5770700Date,Open,High,Low,Close,Adj Close,Volume
2020-04-01,153.000000,157.750000,150.820007,152.110001,152.110001,57969900
2020-04-02,151.860001,155.479996,150.360001,155.259995,155.259995,49630700
2020-04-03,155.100006,157.380005,152.190002,153.830002,153.830002,41243300
2020-04-06,160.320007,166.500000,157.580002,165.270004,165.270004,67111700
2020-04-07,169.589996,170.000000,163.259995,163.490005,163.490005,62769000
2020-04-08,165.669998,166.669998,163.500000,165.130005,165.130005,48318200
2020-04-09,166.360001,167.369995,163.330002,165.139999,165.139999,51431800
2020-04-13,164.350006,165.570007,162.300003,165.509995,165.509995,41905300
2020-04-14,169.000000,173.750000,168.000000,173.699997,173.699997,52874300
2020-04-15,171.199997,173.570007,169.240005,171.880005,171.880005,40940800
2020-04-16,174.300003,177.279999,172.899994,177.039993,177.039993,50479600
2020-04-17,179.500000,180.000000,175.869995,178.600006,178.600006,52765600
2020-04-20,176.630005,178.750000,174.990005,175.059998,175.059998,36669600Date,Open,High,Low,Close,Adj Close,Volume
2020-04-01,23.700001,24.389999,23.049999,23.320000,23.320000,20027000
2020-04-02,23.000000,23.580000,22.360001,23.020000,23.020000,17114800
2020-04-03,24.100000,24.320000,22.750000,23.090000,23.090000,25029700
2020-04-06,24.100000,25.049999,23.790001,24.930000,24.930000,26014900
2020-04-07,25.969999,26.860001,25.309999,25.610001,25.610001,25831100
2020-04-08,26.790001,28.459999,25.920000,27.860001,27.860001,31240800
2020-04-09,28.480000,29.049999,27.280001,27.770000,27.770000,22233200
2020-04-13,27.549999,27.620001,26.240000,27.209999,27.209999,15059900
2020-04-14,28.000000,28.410000,27.600000,27.940001,27.940001,13766200
2020-04-15,27.100000,27.639999,26.750000,27.510000,27.510000,15822200
2020-04-16,26.860001,27.170000,25.959999,26.549999,26.549999,21946600
2020-04-17,27.160000,27.920000,26.469999,26.700001,26.700001,21129500
2020-04-20,26.309999,27.530001,26.110001,27.010000,27.010000,16755400Date,Open,High,Low,Close,Adj Close,Volume
2020-04-01,1932.969971,1944.959961,1893.000000,1907.699951,1907.699951,4121900
2020-04-02,1901.640015,1927.530029,1890.000000,1918.829956,1918.829956,4336000
2020-04-03,1911.150024,1926.329956,1889.150024,1906.589966,1906.589966,3609900
2020-04-06,1936.000000,1998.520020,1930.020020,1997.589966,1997.589966,5773200
2020-04-07,2017.109985,2035.719971,1997.619995,2011.599976,2011.599976,5114000
2020-04-08,2021.000000,2044.000000,2011.150024,2043.000000,2043.000000,3977300
2020-04-09,2044.300049,2053.000000,2017.660034,2042.760010,2042.760010,4655600
2020-04-13,2040.000000,2180.000000,2038.000000,2168.870117,2168.870117,6716700
2020-04-14,2200.469971,2292.000000,2186.209961,2283.320068,2283.320068,8087200
2020-04-15,2257.679932,2333.370117,2245.000000,2307.679932,2307.679932,6866600
2020-04-16,2346.000000,2461.000000,2335.000000,2408.189941,2408.189941,12038200
2020-04-17,2372.330078,2400.000000,2316.020020,2375.000000,2375.000000,7930000
2020-04-20,2389.949951,2444.979980,2386.050049,2393.610107,2393.610107,5770700Date,Open,High,Low,Close,Adj Close,Volume
2020-04-01,153.000000,157.750000,150.820007,152.110001,152.110001,57969900
2020-04-02,151.860001,155.479996,150.360001,155.259995,155.259995,49630700
2020-04-03,155.100006,157.380005,152.190002,153.830002,153.830002,41243300
2020-04-06,160.320007,166.500000,157.580002,165.270004,165.270004,67111700
2020-04-07,169.589996,170.000000,163.259995,163.490005,163.490005,62769000
2020-04-08,165.669998,166.669998,163.500000,165.130005,165.130005,48318200
2020-04-09,166.360001,167.369995,163.330002,165.139999,165.139999,51431800
2020-04-13,164.350006,165.570007,162.300003,165.509995,165.509995,41905300
2020-04-14,169.000000,173.750000,168.000000,173.699997,173.699997,52874300
2020-04-15,171.199997,173.570007,169.240005,171.880005,171.880005,40940800
2020-04-16,174.300003,177.279999,172.899994,177.039993,177.039993,50479600
2020-04-17,179.500000,180.000000,175.869995,178.600006,178.600006,52765600
2020-04-20,176.630005,178.750000,174.990005,175.059998,175.059998,36669600Date,Open,High,Low,Close,Adj Close,Volume
2020-04-01,23.700001,24.389999,23.049999,23.320000,23.320000,20027000
2020-04-02,23.000000,23.580000,22.360001,23.020000,23.020000,17114800
2020-04-03,24.100000,24.320000,22.750000,23.090000,23.090000,25029700
2020-04-06,24.100000,25.049999,23.790001,24.930000,24.930000,26014900
2020-04-07,25.969999,26.860001,25.309999,25.610001,25.610001,25831100
2020-04-08,26.790001,28.459999,25.920000,27.860001,27.860001,31240800
2020-04-09,28.480000,29.049999,27.280001,27.770000,27.770000,22233200
2020-04-13,27.549999,27.620001,26.240000,27.209999,27.209999,15059900
2020-04-14,28.000000,28.410000,27.600000,27.940001,27.940001,13766200
2020-04-15,27.100000,27.639999,26.750000,27.510000,27.510000,15822200
2020-04-16,26.860001,27.170000,25.959999,26.549999,26.549999,21946600
2020-04-17,27.160000,27.920000,26.469999,26.700001,26.700001,21129500
2020-04-20,26.309999,27.530001,26.110001,27.010000,27.010000,16755400Date,Open,High,Low,Close,Adj Close,Volume
2020-04-01,1932.969971,1944.959961,1893.000000,1907.699951,1907.699951,4121900
2020-04-02,1901.640015,1927.530029,1890.000000,1918.829956,1918.829956,4336000
2020-04-03,1911.150024,1926.329956,1889.150024,1906.589966,1906.589966,3609900
2020-04-06,1936.000000,1998.520020,1930.020020,1997.589966,1997.589966,5773200
2020-04-07,2017.109985,2035.719971,1997.619995,2011.599976,2011.599976,5114000
2020-04-08,2021.000000,2044.000000,2011.150024,2043.000000,2043.000000,3977300
2020-04-09,2044.300049,2053.000000,2017.660034,2042.760010,2042.760010,4655600
2020-04-13,2040.000000,2180.000000,2038.000000,2168.870117,2168.870117,6716700
2020-04-14,2200.469971,2292.000000,2186.209961,2283.320068,2283.320068,8087200
2020-04-15,2257.679932,2333.370117,2245.000000,2307.679932,2307.679932,6866600
2020-04-16,2346.000000,2461.000000,2335.000000,2408.189941,2408.189941,12038200
2020-04-17,2372.330078,2400.000000,2316.020020,2375.000000,2375.000000,7930000
2020-04-20,2389.949951,2444.979980,2386.050049,2393.610107,2393.610107,5770700Date,Open,High,Low,Close,Adj Close,Volume
2020-04-01,153.000000,157.750000,150.820007,152.110001,152.110001,57969900
2020-04-02,151.860001,155.479996,150.360001,155.259995,155.259995,49630700
2020-04-03,155.100006,157.380005,152.190002,153.830002,153.830002,41243300
2020-04-06,160.320007,166.500000,157.580002,165.270004,165.270004,67111700
2020-04-07,169.589996,170.000000,163.259995,163.490005,163.490005,62769000
2020-04-08,165.669998,166.669998,163.500000,165.130005,165.130005,48318200
2020-04-09,166.360001,167.369995,163.330002,165.139999,165.139999,51431800
2020-04-13,164.350006,165.570007,162.300003,165.509995,165.509995,41905300
2020-04-14,169.000000,173.750000,168.000000,173.699997,173.699997,52874300
2020-04-15,171.199997,173.570007,169.240005,171.880005,171.880005,40940800
2020-04-16,174.300003,177.279999,172.899994,177.039993,177.039993,50479600
2020-04-17,179.500000,180.000000,175.869995,178.600006,178.600006,52765600
2020-04-20,176.630005,178.750000,174.990005,175.059998,175.059998,36669600Date,Open,High,Low,Close,Adj Close,Volume
2020-04-01,23.700001,24.389999,23.049999,23.320000,23.320000,20027000
2020-04-02,23.000000,23.580000,22.360001,23.020000,23.020000,17114800
2020-04-03,24.100000,24.320000,22.750000,23.090000,23.090000,25029700
2020-04-06,24.100000,25.049999,23.790001,24.930000,24.930000,26014900
2020-04-07,25.969999,26.860001,25.309999,25.610001,25.610001,25831100
2020-04-08,26.790001,28.459999,25.920000,27.860001,27.860001,31240800
2020-04-09,28.480000,29.049999,27.280001,27.770000,27.770000,22233200
2020-04-13,27.549999,27.620001,26.240000,27.209999,27.209999,15059900
2020-04-14,28.000000,28.410000,27.600000,27.940001,27.940001,13766200
2020-04-15,27.100000,27.639999,26.750000,27.510000,27.510000,15822200
2020-04-16,26.860001,27.170000,25.959999,26.549999,26.549999,21946600
2020-04-17,27.160000,27.920000,26.469999,26.700001,26.700001,21129500
2020-04-20,26.309999,27.530001,26.110001,27.010000,27.010000,16755400Date,Open,High,Low,Close,Adj Close,Volume
2020-04-01,1932.969971,1944.959961,1893.000000,1907.699951,1907.699951,4121900
2020-04-02,1901.640015,1927.530029,1890.000000,1918.829956,1918.829956,4336000
2020-04-03,1911.150024,1926.329956,1889.150024,1906.589966,1906.589966,3609900
2020-04-06,1936.000000,1998.520020,1930.020020,1997.589966,1997.589966,5773200
2020-04-07,2017.109985,2035.719971,1997.619995,2011.599976,2011.599976,5114000
2020-04-08,2021.000000,2044.000000,2011.150024,2043.000000,2043.000000,3977300
2020-04-09,2044.300049,2053.000000,2017.660034,2042.760010,2042.760010,4655600
2020-04-13,2040.000000,2180.000000,2038.000000,2168.870117,2168.870117,6716700
2020-04-14,2200.469971,2292.000000,2186.209961,2283.320068,2283.320068,8087200
2020-04-15,2257.679932,2333.370117,2245.000000,2307.679932,2307.679932,6866600
2020-04-16,2346.000000,2461.000000,2335.000000,2408.189941,2408.189941,12038200
2020-04-17,2372.330078,2400.000000,2316.020020,2375.000000,2375.000000,7930000
2020-04-20,2389.949951,2444.979980,2386.050049,2393.610107,2393.610107,5770700Date,Open,High,Low,Close,Adj Close,Volume
2020-04-01,153.000000,157.750000,150.820007,152.110001,152.110001,57969900
2020-04-02,151.860001,155.479996,150.360001,155.259995,155.259995,49630700
2020-04-03,155.100006,157.380005,152.190002,153.830002,153.830002,41243300
2020-04-06,160.320007,166.500000,157.580002,165.270004,165.270004,67111700
2020-04-07,169.589996,170.000000,163.259995,163.490005,163.490005,62769000
2020-04-08,165.669998,166.669998,163.500000,165.130005,165.130005,48318200
2020-04-09,166.360001,167.369995,163.330002,165.139999,165.139999,51431800
2020-04-13,164.350006,165.570007,162.300003,165.509995,165.509995,41905300
2020-04-14,169.000000,173.750000,168.000000,173.699997,173.699997,52874300
2020-04-15,171.199997,173.570007,169.240005,171.880005,171.880005,40940800
2020-04-16,174.300003,177.279999,172.899994,177.039993,177.039993,50479600
2020-04-17,179.500000,180.000000,175.869995,178.600006,178.600006,52765600
2020-04-20,176.630005,178.750000,174.990005,175.059998,175.059998,36669600Date,Open,High,Low,Close,Adj Close,Volume
2020-04-01,23.700001,24.389999,23.049999,23.320000,23.320000,20027000
2020-04-02,23.000000,23.580000,22.360001,23.020000,23.020000,17114800
2020-04-03,24.100000,24.320000,22.750000,23.090000,23.090000,25029700
2020-04-06,24.100000,25.049999,23.790001,24.930000,24.930000,26014900
2020-04-07,25.969999,26.860001,25.309999,25.610001,25.610001,25831100
2020-04-08,26.790001,28.459999,25.920000,27.860001,27.860001,31240800
2020-04-09,28.480000,29.049999,27.280001,27.770000,27.770000,22233200
2020-04-13,27.549999,27.620001,26.240000,27.209999,27.209999,15059900
2020-04-14,28.000000,28.410000,27.600000,27.940001,27.940001,13766200
2020-04-15,27.100000,27.639999,26.750000,27.510000,27.510000,15822200
2020-04-16,26.860001,27.170000,25.959999,26.549999,26.549999,21946600
2020-04-17,27.160000,27.920000,26.469999,26.700001,26.700001,21129500
2020-04-20,26.309999,27.530001,26.110001,27.010000,27.010000,16755400Date,Open,High,Low,Close,Adj Close,Volume
2020-04-01,1932.969971,1944.959961,1893.000000,1907.699951,1907.699951,4121900
2020-04-02,1901.640015,1927.530029,1890.000000,1918.829956,1918.829956,4336000
2020-04-03,1911.150024,1926.329956,1889.150024,1906.589966,1906.589966,3609900
2020-04-06,1936.000000,1998.520020,1930.020020,1997.589966,1997.589966,5773200
2020-04-07,2017.109985,2035.719971,1997.619995,2011.599976,2011.599976,5114000
2020-04-08,2021.000000,2044.000000,2011.150024,2043.000000,2043.000000,3977300
2020-04-09,2044.300049,2053.000000,2017.660034,2042.760010,2042.760010,4655600
2020-04-13,2040.000000,2180.000000,2038.000000,2168.870117,2168.870117,6716700
2020-04-14,2200.469971,2292.000000,2186.209961,2283.320068,2283.320068,8087200
2020-04-15,2257.679932,2333.370117,2245.000000,2307.679932,2307.679932,6866600
2020-04-16,2346.000000,2461.000000,2335.000000,2408.189941,2408.189941,12038200
2020-04-17,2372.330078,2400.000000,2316.020020,2375.000000,2375.000000,7930000
2020-04-20,2389.949951,2444.979980,2386.050049,2393.610107,2393.610107,5770700Date,Open,High,Low,Close,Adj Close,Volume
2020-04-01,153.000000,157.750000,150.820007,152.110001,152.110001,57969900
2020-04-02,151.860001,155.479996,150.360001,155.259995,155.259995,49630700
2020-04-03,155.100006,157.380005,152.190002,153.830002,153.830002,41243300
2020-04-06,160.320007,166.500000,157.580002,165.270004,165.270004,67111700
2020-04-07,169.589996,170.000000,163.259995,163.490005,163.490005,62769000
2020-04-08,165.669998,166.669998,163.500000,165.130005,165.130005,48318200
2020-04-09,166.360001,167.369995,163.330002,165.139999,165.139999,51431800
2020-04-13,164.350006,165.570007,162.300003,165.509995,165.509995,41905300
2020-04-14,169.000000,173.750000,168.000000,173.699997,173.699997,52874300
2020-04-15,171.199997,173.570007,169.240005,171.880005,171.880005,40940800
2020-04-16,174.300003,177.279999,172.899994,177.039993,177.039993,50479600
2020-04-17,179.500000,180.000000,175.869995,178.600006,178.600006,52765600
2020-04-20,176.630005,178.750000,174.990005,175.059998,175.059998,36669600Date,Open,High,Low,Close,Adj Close,Volume
2020-04-01,23.700001,24.389999,23.049999,23.320000,23.320000,20027000
2020-04-02,23.000000,23.580000,22.360001,23.020000,23.020000,17114800
2020-04-03,24.100000,24.320000,22.750000,23.090000,23.090000,25029700
2020-04-06,24.100000,25.049999,23.790001,24.930000,24.930000,26014900
2020-04-07,25.969999,26.860001,25.309999,25.610001,25.610001,25831100
2020-04-08,26.790001,28.459999,25.920000,27.860001,27.860001,31240800
2020-04-09,28.480000,29.049999,27.280001,27.770000,27.770000,22233200
2020-04-13,27.549999,27.620001,26.240000,27.209999,27.209999,15059900
2020-04-14,28.000000,28.410000,27.600000,27.940001,27.940001,13766200
2020-04-15,27.100000,27.639999,26.750000,27.510000,27.510000,15822200
2020-04-16,26.860001,27.170000,25.959999,26.549999,26.549999,21946600
2020-04-17,27.160000,27.920000,26.469999,26.700001,26.700001,21129500
2020-04-20,26.309999,27.530001,26.110001,27.010000,27.010000,16755400Date,Open,High,Low,Close,Adj Close,Volume
2020-04-01,1932.969971,1944.959961,1893.000000,1907.699951,1907.699951,4121900
2020-04-02,1901.640015,1927.530029,1890.000000,1918.829956,1918.829956,4336000
2020-04-03,1911.150024,1926.329956,1889.150024,1906.589966,1906.589966,3609900
2020-04-06,1936.000000,1998.520020,1930.020020,1997.589966,1997.589966,5773200
2020-04-07,2017.109985,2035.719971,1997.619995,2011.599976,2011.599976,5114000
2020-04-08,2021.000000,2044.000000,2011.150024,2043.000000,2043.000000,3977300
2020-04-09,2044.300049,2053.000000,2017.660034,2042.760010,2042.760010,4655600
2020-04-13,2040.000000,2180.000000,2038.000000,2168.870117,2168.870117,6716700
2020-04-14,2200.469971,2292.000000,2186.209961,2283.320068,2283.320068,8087200
2020-04-15,2257.679932,2333.370117,2245.000000,2307.679932,2307.679932,6866600
2020-04-16,2346.000000,2461.000000,2335.000000,2408.189941,2408.189941,12038200
2020-04-17,2372.330078,2400.000000,2316.020020,2375.000000,2375.000000,7930000
2020-04-20,2389.949951,2444.979980,2386.050049,2393.610107,2393.610107,5770700Date,Open,High,Low,Close,Adj Close,Volume
2020-04-01,153.000000,157.750000,150.820007,152.110001,152.110001,57969900
2020-04-02,151.860001,155.479996,150.360001,155.259995,155.259995,49630700
2020-04-03,155.100006,157.380005,152.190002,153.830002,153.830002,41243300
2020-04-06,160.320007,166.500000,157.580002,165.270004,165.270004,67111700
2020-04-07,169.589996,170.000000,163.259995,163.490005,163.490005,62769000
2020-04-08,165.669998,166.669998,163.500000,165.130005,165.130005,48318200
2020-04-09,166.360001,167.369995,163.330002,165.139999,165.139999,51431800
2020-04-13,164.350006,165.570007,162.300003,165.509995,165.509995,41905300
2020-04-14,169.000000,173.750000,168.000000,173.699997,173.699997,52874300
2020-04-15,171.199997,173.570007,169.240005,171.880005,171.880005,40940800
2020-04-16,174.300003,177.279999,172.899994,177.039993,177.039993,50479600
2020-04-17,179.500000,180.000000,175.869995,178.600006,178.600006,52765600
2020-04-20,176.630005,178.750000,174.990005,175.059998,175.059998,36669600Date,Open,High,Low,Close,Adj Close,Volume
2020-04-01,23.700001,24.389999,23.049999,23.320000,23.320000,20027000
2020-04-02,23.000000,23.580000,22.360001,23.020000,23.020000,17114800
2020-04-03,24.100000,24.320000,22.750000,23.090000,23.090000,25029700
2020-04-06,24.100000,25.049999,23.790001,24.930000,24.930000,26014900
2020-04-07,25.969999,26.860001,25.309999,25.610001,25.610001,25831100
2020-04-08,26.790001,28.459999,25.920000,27.860001,27.860001,31240800
2020-04-09,28.480000,29.049999,27.280001,27.770000,27.770000,22233200
2020-04-13,27.549999,27.620001,26.240000,27.209999,27.209999,15059900
2020-04-14,28.000000,28.410000,27.600000,27.940001,27.940001,13766200
2020-04-15,27.100000,27.639999,26.750000,27.510000,27.510000,15822200
2020-04-16,26.860001,27.170000,25.959999,26.549999,26.549999,21946600
2020-04-17,27.160000,27.920000,26.469999,26.700001,26.700001,21129500
2020-04-20,26.309999,27.530001,26.110001,27.010000,27.010000,16755400